Part A:
Genereate random 3x3 matrix A
A=
      9.79       2.78       3.11       10.6 
      1.43       5.98       7.79       8.22 
      3.03          3       4.17       6.84 
      7.73       3.58       4.24       5.73 
Perform eigenvalue-decomposition with jacobi algoritme
D=
     -2.74  -2.19e-15   5.72e-15   1.26e-12 
     0.695      0.245   5.86e-16   1.29e-15 
     -1.89      -4.05       5.96  -9.13e-08 
     -5.58      -2.38      -1.96       22.2 
V=
     0.477      0.233     -0.577      0.621 
     0.151      0.351      0.788      0.483 
     0.139     -0.906      0.149      0.372 
    -0.855     0.0445     -0.158      0.492 
Udfører tests

V^T*A*V=D ? => True

V*D*V^T=A ? => True

V^T*V =
         1   4.86e-17  -2.78e-17   5.55e-17 
  4.86e-17          1  -3.99e-17   7.98e-17 
 -2.78e-17  -3.99e-17          1   3.33e-16 
  5.55e-17   7.98e-17   3.33e-16          1 

V*V^T =
         1   1.67e-16  -1.11e-16  -3.33e-16 
  1.67e-16          1   1.11e-16          0 
 -1.11e-16   1.11e-16          1  -8.33e-17 
 -3.33e-16          0  -8.33e-17          1 
