 A = 6.42469549084389, m = 126.456469936238, G = 2.72143283827423
 steps = 3
