Part A:
Genereate symmetric random 6x6 matrix A
A=
      51.1       44.2       27.5       8.14       72.4       60.2 
      44.2         66       5.46       8.98         98       23.8 
      27.5       5.46       7.35       8.67         21       25.8 
      8.14       8.98       8.67       21.3         86       72.4 
      72.4         98         21         86       35.3       90.7 
      60.2       23.8       25.8       72.4       90.7       87.5 
A.T = 
      51.1       44.2       27.5       8.14       72.4       60.2 
      44.2         66       5.46       8.98         98       23.8 
      27.5       5.46       7.35       8.67         21       25.8 
      8.14       8.98       8.67       21.3         86       72.4 
      72.4         98         21         86       35.3       90.7 
      60.2       23.8       25.8       72.4       90.7       87.5 
* Perform eigenvalue-decomposition with jacobi algoritme
D=
     -94.6   1.08e-11   7.58e-17  -3.18e-22   1.59e-07  -1.19e-09 
  1.08e-11      -29.2          0  -6.46e-08  -4.19e-10   4.49e-12 
 -1.98e-15   1.19e-15      -7.18  -3.95e-09  -1.34e-12   4.59e-16 
 -1.08e-15  -6.46e-08  -3.95e-09       31.5  -1.26e-13  -1.92e-17 
  1.59e-07  -4.19e-10  -1.34e-12  -1.19e-13       70.9   1.69e-21 
 -1.19e-09   4.49e-12   4.84e-15  -3.19e-15   1.24e-14        297 
V=
    -0.207      0.413      0.376      0.675      0.204      0.384 
    -0.372     -0.311     -0.121     -0.289      0.724      0.377 
   -0.0229    -0.0696     -0.869      0.463    -0.0745       0.14 
    -0.478      0.523     -0.175      -0.44     -0.401      0.337 
     0.765      0.227    -0.0709      -0.21      0.108       0.55 
   -0.0708     -0.635       0.23     0.0928     -0.506      0.524 
* Performance test

V^T*A*V=D ? => True

V*D*V^T=A ? => True

V^T*V = 
         1   1.18e-16   3.82e-17   4.25e-17  -3.47e-17  -1.39e-17 
  1.18e-16          1  -1.94e-16   2.22e-16  -2.22e-16  -1.11e-16 
  3.82e-17  -1.94e-16          1   1.04e-16  -5.55e-17  -2.78e-17 
  4.25e-17   2.22e-16   1.04e-16          1  -1.73e-16   1.11e-16 
 -3.47e-17  -2.22e-16  -5.55e-17  -1.73e-16          1   1.67e-16 
 -1.39e-17  -1.11e-16  -2.78e-17   1.11e-16   1.67e-16          1 
Correspond to the identity matrix

V*V^T =
         1  -2.78e-17    5.2e-16  -4.44e-16  -1.39e-16   5.55e-17 
 -2.78e-17          1  -2.64e-16  -1.67e-16   1.67e-16  -4.44e-16 
   5.2e-16  -2.64e-16          1  -1.39e-17  -1.39e-17   5.55e-17 
 -4.44e-16  -1.67e-16  -1.39e-17          1  -1.94e-16   2.78e-16 
 -1.39e-16   1.67e-16  -1.39e-17  -1.94e-16          1  -5.55e-17 
  5.55e-17  -4.44e-16   5.55e-17   2.78e-16  -5.55e-17          1 
Correspond to the identity matrix
