sqrt(2) = 1.4142135623731
2^(1/5) = 1.14869835499704
e^pi = 23.1406926327793
pi^e = 22.459157718361
gamma(1) = 0.999999989064903
gamma(2) = 0.999999989064903
gamma(3) = 1.99999997812981
gamma(10) = 362879.997652016
